   2.0000000e+00   2.0000000e+00  -3.1100000e+00  -2.3700000e+00
   1.2000000e+01   8.6000000e-01  -3.3300000e+00  -1.1000000e+00
   2.2000000e+01   2.4400000e+00  -3.5700000e+00  -7.9000000e-01
   4.4000000e+01   1.7800000e+00  -3.4900000e+00  -7.6000000e-01
   4.6000000e+01  -9.6000000e-01  -5.0800000e+00   4.9000000e-01
   6.1000000e+01  -2.0400000e+00  -3.5900000e+00  -8.1000000e-01
   1.0000000e+02   1.4700000e+00  -3.4400000e+00  -8.2000000e-01
   1.0500000e+02   2.6100000e+00  -2.9100000e+00  -1.9000000e-01
   1.1100000e+02   2.5500000e+00  -5.6500000e+00  -5.3000000e-01
   1.2300000e+02  -1.3000000e-01  -3.8700000e+00   9.0000000e-02
   1.5600000e+02   2.2200000e+00  -2.8000000e+00  -5.2000000e-01
   1.6500000e+02   2.9700000e+00  -2.9900000e+00  -4.1000000e-01
   1.6700000e+02   7.4000000e-01  -6.3700000e+00  -1.3200000e+00
   1.7300000e+02   1.4800000e+00  -3.0600000e+00  -4.0000000e-01
   1.8600000e+02   3.8000000e-01  -4.6600000e+00  -2.2000000e-01
   1.9000000e+02   1.6800000e+00  -2.9700000e+00  -1.2600000e+00
   1.9400000e+02   2.3500000e+00  -5.1800000e+00  -9.8000000e-01
   2.0000000e+02   8.4000000e-01  -4.5400000e+00   1.0200000e+00
   2.0700000e+02   2.6000000e+00  -2.9000000e+00  -1.8000000e-01
   2.0900000e+02   2.4100000e+00  -3.6400000e+00  -1.1000000e-01
   2.1200000e+02   2.7600000e+00  -2.4600000e+00  -8.3000000e-01
   2.2300000e+02   2.8500000e+00  -2.9100000e+00  -1.7000000e-01
   2.2400000e+02   2.9200000e+00  -2.7100000e+00  -1.0000000e-01
   2.5300000e+02   2.4600000e+00  -2.8600000e+00   3.5000000e-01
   2.5400000e+02   3.8600000e+00  -1.5300000e+00  -2.5000000e-01
   2.6000000e+02   1.4700000e+00  -4.2800000e+00   5.7000000e-01
   2.6400000e+02   3.0300000e+00  -2.5400000e+00  -8.0000000e-01
   3.1000000e+02   2.5900000e+00  -3.6200000e+00   7.5000000e-01
   3.1700000e+02   2.5200000e+00  -3.3800000e+00  -1.3900000e+00
   3.1800000e+02   2.5600000e+00  -3.6500000e+00  -5.6000000e-01
   3.2400000e+02   3.1600000e+00  -3.5300000e+00  -3.7000000e-01
   3.2700000e+02   2.4300000e+00  -3.3900000e+00  -9.9000000e-01
   3.4300000e+02  -1.6100000e+00  -4.3200000e+00   9.0000000e-02
   4.1600000e+02   2.5700000e+00  -2.1700000e+00  -5.2000000e-01
   4.1900000e+02   2.8900000e+00  -3.6400000e+00   1.1700000e+00
   4.3800000e+02   1.7900000e+00  -3.6400000e+00   3.2000000e-01
   4.4000000e+02   3.1900000e+00  -3.7700000e+00   2.2000000e-01
   4.5500000e+02   1.8500000e+00  -3.3200000e+00  -1.2900000e+00
   4.5800000e+02   2.3700000e+00  -3.5500000e+00   1.1000000e+00
   4.7200000e+02   2.5500000e+00  -2.7400000e+00   1.2500000e+00
   4.7400000e+02   2.3500000e+00  -2.9300000e+00  -1.2000000e-01
   4.7900000e+02   3.3700000e+00  -3.0000000e+00   1.9000000e-01
   4.8400000e+02  -2.6100000e+00  -4.7900000e+00   1.3600000e+00
   4.8600000e+02   1.9300000e+00  -3.4400000e+00  -1.0100000e+00
   4.8900000e+02   3.4700000e+00  -2.7100000e+00   2.9000000e-01
   4.9300000e+02   1.3000000e+00  -3.8200000e+00   1.3000000e-01
   4.9900000e+02  -2.7800000e+00  -3.7200000e+00  -4.8000000e-01
   5.1300000e+02   1.2600000e+00  -2.9900000e+00  -1.5400000e+00
   5.1700000e+02   2.9900000e+00  -1.9600000e+00  -6.6000000e-01
   5.2300000e+02   5.5000000e-01  -4.6800000e+00   6.0000000e-02
   5.4900000e+02   1.7100000e+00  -2.9900000e+00  -1.3000000e-01
   5.5300000e+02   2.5000000e+00  -2.2000000e+00  -4.9000000e-01
   5.5400000e+02   2.1200000e+00  -6.2500000e+00  -1.0100000e+00
   5.5900000e+02   5.2000000e-01  -4.1700000e+00  -1.9500000e+00
   5.6000000e+02   2.7300000e+00  -2.7400000e+00  -7.6000000e-01
   5.6600000e+02   2.8100000e+00  -1.9900000e+00  -1.7900000e+00
   6.0800000e+02   4.6000000e-01  -3.8500000e+00  -7.0000000e-02
   6.1500000e+02   2.1100000e+00  -2.8000000e+00  -9.6000000e-01
   6.1700000e+02   1.8300000e+00  -6.9700000e+00  -2.6000000e-01
   6.2000000e+02  -3.2000000e-01  -2.8100000e+00  -3.4000000e-01
